PC;  285nm;287.5nm;  290nm;292.5nm;  295nm;297.5nm;  300nm;302.5nm;  305nm;307.5nm;  310nm;312.5nm;  315nm;317.5nm;  320nm;322.5nm;  325nm;327.5nm;  330nm;332.5nm;  335nm;337.5nm;  340nm;342.5nm;  345nm;347.5nm;  350nm;352.5nm;  355nm;357.5nm;  360nm;362.5nm;  365nm;367.5nm;  370nm;372.5nm;  375nm;377.5nm;  380nm;382.5nm;  385nm;
  1;    0.119900;    0.124181;    0.128572;    0.131986;    0.136450;    0.137682;    0.138162;    0.140135;    0.138201;    0.138866;    0.138226;    0.136351;    0.137361;    0.135190;    0.133774;    0.136830;    0.141113;    0.140952;    0.143431;    0.151636;    0.158397;    0.166285;    0.174090;    0.182374;    0.190065;    0.196273;    0.201427;    0.204837;    0.207340;    0.206474;    0.202071;    0.194692;    0.184008;    0.174886;    0.165731;    0.154905;    0.143925;    0.133254;    0.120797;    0.106416;    0.092850;
  2;    0.164156;    0.186107;    0.206647;    0.226271;    0.247475;    0.258609;    0.261262;    0.262512;    0.252948;    0.237781;    0.222936;    0.193160;    0.167592;    0.130997;    0.089411;    0.055304;    0.028671;   -0.008989;   -0.043196;   -0.061688;   -0.086003;   -0.102504;   -0.119290;   -0.132047;   -0.142968;   -0.153278;   -0.161789;   -0.164897;   -0.161124;   -0.158534;   -0.153962;   -0.153836;   -0.155044;   -0.134158;   -0.105529;   -0.077650;   -0.049233;   -0.024162;   -0.003986;    0.014411;    0.032344;
  3;    0.017780;   -0.153567;    0.054995;    0.094354;    0.007841;   -0.290647;    0.225330;    0.304343;   -0.165379;   -0.077759;   -0.152096;    0.039852;    0.090477;   -0.023478;    0.083910;    0.250215;   -0.140308;   -0.208520;    0.066006;   -0.205327;    0.108791;   -0.118037;   -0.065896;   -0.142062;    0.093420;    0.240342;   -0.060844;    0.066694;    0.322101;   -0.361594;   -0.101418;    0.073455;   -0.093235;    0.048847;    0.172624;   -0.016915;    0.069780;    0.115456;   -0.230638;    0.034813;   -0.034182;
  4;   -0.046820;    0.217217;   -0.014854;   -0.033920;    0.087197;   -0.064842;    0.135292;   -0.030880;   -0.059235;   -0.108293;   -0.117032;   -0.226870;    0.057700;    0.124431;    0.123666;   -0.000591;    0.025935;    0.085015;    0.288772;   -0.080935;   -0.052794;    0.296954;   -0.046946;   -0.123731;   -0.194910;    0.150642;   -0.094206;   -0.288932;   -0.166127;    0.134420;   -0.015774;    0.045016;   -0.298944;    0.388448;    0.024228;    0.147471;    0.055573;    0.132171;    0.063408;   -0.173037;   -0.281535;
  5;    0.242759;   -0.240723;    0.195610;   -0.350583;    0.039515;   -0.017477;   -0.026154;    0.045401;    0.000257;   -0.141626;    0.045686;    0.255494;    0.066291;   -0.048602;    0.029591;   -0.212508;    0.013966;   -0.098206;   -0.044897;   -0.249340;    0.060942;    0.234327;    0.009692;   -0.072491;   -0.109427;   -0.233499;    0.036468;   -0.234286;   -0.194251;   -0.113779;    0.179136;    0.227641;    0.111634;    0.150422;    0.154426;    0.017929;    0.234325;   -0.052547;   -0.072948;    0.145163;    0.196207;
  6;   -0.115674;   -0.006388;    0.158265;   -0.019686;   -0.208541;    0.335876;   -0.235610;    0.084863;   -0.128545;   -0.006135;   -0.115668;    0.096691;    0.168409;    0.153233;   -0.147732;    0.027678;   -0.023645;    0.210838;    0.043507;    0.097556;   -0.247000;    0.092146;   -0.158147;   -0.194966;    0.075953;   -0.256469;   -0.227022;    0.379035;    0.101100;   -0.133909;    0.119082;    0.073433;   -0.090894;    0.150211;   -0.022941;    0.134216;    0.105789;    0.052994;   -0.210514;   -0.113202;   -0.066993;
  7;    0.263557;   -0.109234;    0.056402;    0.052642;   -0.194851;   -0.022700;   -0.032151;   -0.081524;    0.002324;    0.316174;   -0.126382;    0.147391;   -0.030631;   -0.010028;    0.034137;   -0.024522;   -0.188845;   -0.108494;   -0.045503;    0.048516;    0.294894;   -0.071955;    0.208315;   -0.158090;    0.223321;   -0.186389;    0.202998;    0.001702;   -0.179587;   -0.063465;    0.070930;    0.003949;   -0.242019;    0.032851;    0.074652;    0.294857;   -0.269843;    0.055641;    0.117084;   -0.178873;   -0.269632;
  8;   -0.176408;   -0.049208;    0.178404;   -0.012484;    0.069929;   -0.046378;   -0.147591;    0.221863;   -0.105600;   -0.232435;    0.223173;   -0.067957;    0.022529;   -0.101512;    0.151359;    0.126508;    0.161769;    0.059990;    0.262590;    0.127965;    0.322063;   -0.181473;    0.014180;    0.104023;   -0.207956;   -0.143241;    0.053873;    0.072990;   -0.177708;    0.115284;    0.218894;    0.105986;   -0.204095;   -0.298317;    0.125334;   -0.017636;   -0.074959;   -0.119195;   -0.230232;   -0.126041;   -0.113690;
  9;   -0.329530;   -0.025435;    0.101438;   -0.323064;   -0.064285;   -0.019418;    0.148810;    0.070320;   -0.014521;    0.352963;   -0.231048;   -0.157262;    0.053176;    0.260204;    0.108323;    0.024281;    0.062675;   -0.099250;    0.059390;   -0.018615;    0.098551;    0.059973;    0.321019;    0.086913;    0.013808;   -0.202391;   -0.197273;    0.067983;   -0.130152;    0.051983;   -0.131109;    0.050681;    0.116803;   -0.063367;    0.034904;   -0.292631;   -0.087034;    0.212313;   -0.047973;    0.180871;   -0.030037;
 10;    0.059060;   -0.041395;    0.019247;    0.055663;   -0.182709;   -0.090936;    0.115447;   -0.020555;    0.237308;    0.094243;   -0.095846;    0.017249;    0.073207;   -0.232119;    0.236703;   -0.293771;   -0.139008;   -0.244764;    0.546051;    0.140131;   -0.186108;    0.040898;    0.001709;    0.086682;   -0.070127;   -0.088023;   -0.204643;    0.093014;    0.178611;   -0.032190;    0.068901;    0.001850;    0.103145;   -0.101119;   -0.057168;    0.045547;    0.058557;   -0.266576;    0.114361;   -0.056491;   -0.030959;
 11;    0.100039;   -0.216861;    0.111182;    0.117573;    0.090430;    0.184945;   -0.098954;   -0.189389;   -0.048655;   -0.211473;    0.009971;    0.052412;   -0.008205;    0.314434;    0.097437;   -0.161276;    0.183334;   -0.057416;    0.073969;   -0.088753;    0.152254;    0.080369;    0.210149;   -0.130713;    0.288371;    0.112565;   -0.209558;   -0.147806;    0.270870;    0.076108;    0.031382;   -0.076735;   -0.107418;   -0.013271;   -0.051295;   -0.342254;   -0.152391;   -0.165299;   -0.008123;   -0.262307;    0.068474;
 12;    0.184512;   -0.048062;   -0.338480;    0.139674;    0.047915;   -0.045478;    0.077018;    0.101632;   -0.023406;    0.045614;    0.178287;   -0.166896;   -0.193880;    0.247875;   -0.119022;    0.146777;   -0.209870;    0.005563;    0.086633;    0.126545;   -0.087118;    0.226925;    0.099152;   -0.229407;    0.023661;   -0.056055;   -0.039624;    0.048684;   -0.199774;   -0.029717;    0.202554;   -0.121449;    0.260129;   -0.019901;    0.276022;   -0.148738;    0.016405;   -0.267919;   -0.218694;    0.076644;   -0.162652;
 13;   -0.243581;   -0.158440;    0.039972;    0.249142;   -0.162011;   -0.000683;    0.201516;    0.229519;    0.030905;   -0.047564;   -0.403449;    0.196941;    0.099937;   -0.132200;   -0.108461;   -0.012356;   -0.054199;    0.305851;   -0.018525;   -0.083323;   -0.059457;   -0.054063;    0.043270;   -0.115160;    0.088226;    0.083505;    0.052030;   -0.101989;   -0.244431;    0.327541;   -0.033601;   -0.015244;   -0.004486;    0.003880;    0.189134;   -0.067999;   -0.006117;   -0.281661;    0.076783;   -0.034029;    0.199332;
 14;   -0.034104;    0.208145;    0.052013;    0.052049;    0.103157;   -0.203066;   -0.284468;    0.069328;   -0.170382;   -0.004760;    0.087175;    0.289283;   -0.107110;   -0.002828;    0.045908;   -0.153664;    0.006212;   -0.128236;    0.022263;    0.225982;   -0.190055;    0.019301;    0.102728;    0.152407;    0.115735;    0.162866;   -0.106143;    0.187946;   -0.271302;   -0.175068;   -0.139676;    0.010685;   -0.286884;    0.213373;    0.257015;   -0.213888;   -0.061398;   -0.075186;    0.164941;    0.145387;    0.094054;
 15;    0.087505;   -0.147322;   -0.173426;   -0.007266;   -0.061744;   -0.031416;   -0.298187;    0.287287;   -0.112634;    0.147368;    0.086432;    0.047952;    0.065122;    0.155471;    0.171020;   -0.043064;    0.057830;   -0.212716;    0.039979;   -0.188701;   -0.130799;    0.115618;   -0.252985;   -0.151096;   -0.056051;    0.167009;   -0.026184;    0.053979;   -0.012671;    0.398493;   -0.106824;    0.162233;    0.051255;   -0.104637;   -0.110303;    0.178104;   -0.370287;    0.041587;   -0.014769;    0.150870;    0.082825;
 16;    0.127422;   -0.124455;    0.029235;    0.071798;    0.026999;   -0.192203;    0.316697;   -0.039897;   -0.471984;    0.217527;    0.091340;   -0.123638;    0.032762;    0.228469;   -0.048050;   -0.209711;    0.187060;    0.089195;    0.003356;   -0.172714;   -0.118932;   -0.199905;   -0.205117;    0.257204;   -0.084158;   -0.202338;    0.087971;    0.159586;    0.039338;    0.029672;    0.144226;   -0.086559;   -0.021961;    0.129804;    0.061150;   -0.005338;   -0.023459;   -0.118257;    0.142999;   -0.146713;    0.068915;
 17;    0.028239;    0.008488;   -0.141568;   -0.167122;   -0.274232;   -0.374070;    0.094295;    0.145587;    0.149068;   -0.229657;    0.261607;    0.099695;    0.290989;    0.050984;    0.144624;    0.025915;    0.088461;    0.138650;   -0.263407;    0.054433;   -0.132790;    0.199259;    0.085694;   -0.042206;    0.097315;   -0.147014;   -0.084385;    0.058491;    0.081073;    0.068809;   -0.048761;   -0.185375;   -0.057115;   -0.199605;    0.117028;   -0.018392;    0.045440;    0.155194;    0.212168;   -0.228888;   -0.086674;
 18;   -0.063310;   -0.239216;    0.208996;    0.091234;   -0.087707;    0.072951;    0.035434;   -0.054619;   -0.062830;    0.036708;   -0.024769;    0.030882;   -0.343958;    0.212328;    0.200524;    0.013352;    0.080315;    0.004058;   -0.200530;    0.352190;   -0.130387;    0.021162;   -0.074455;    0.057109;   -0.192366;    0.052598;   -0.071839;   -0.226262;    0.086405;   -0.049024;   -0.299472;    0.202802;    0.131618;   -0.150741;    0.291386;    0.243413;    0.117031;   -0.030377;    0.038640;   -0.127668;   -0.092081;
 19;   -0.038739;    0.358721;   -0.043142;    0.067918;   -0.452693;    0.146006;    0.000657;    0.123036;    0.095456;   -0.154078;    0.040746;    0.102577;   -0.128907;    0.201952;   -0.068583;   -0.141277;    0.239356;   -0.133319;    0.011450;   -0.392521;    0.048053;   -0.125345;    0.047658;    0.207129;    0.073877;    0.056378;    0.081452;   -0.035513;   -0.041157;   -0.090272;   -0.072395;    0.049735;    0.119225;   -0.002174;    0.067863;    0.058765;    0.065067;   -0.173063;   -0.085217;    0.073082;   -0.315024;
 20;   -0.131559;    0.098696;   -0.241162;   -0.100857;   -0.083484;    0.143561;   -0.060707;   -0.013436;   -0.146055;   -0.017773;   -0.146578;    0.291396;    0.208529;    0.100546;    0.184559;    0.008902;    0.034163;   -0.103138;    0.098971;    0.280811;    0.072147;   -0.115616;   -0.196621;    0.033852;   -0.088481;   -0.070297;    0.194381;   -0.335063;    0.133557;   -0.061994;    0.153364;   -0.412206;    0.141955;    0.138253;    0.180039;   -0.040512;   -0.136436;    0.106208;   -0.101256;    0.057538;    0.062025;
 21;   -0.230528;    0.040489;    0.137555;    0.181130;   -0.280169;    0.012004;   -0.044868;   -0.267469;   -0.168618;    0.128692;    0.285199;   -0.046932;    0.199633;    0.028908;   -0.005323;   -0.002382;   -0.088248;   -0.025454;    0.047475;   -0.150775;    0.106606;    0.073656;    0.176110;   -0.175830;   -0.225717;    0.322417;   -0.114235;    0.006988;   -0.182015;   -0.215299;    0.138868;   -0.115054;    0.149742;   -0.115303;    0.058491;    0.170215;    0.001428;    0.078831;    0.081049;   -0.065989;    0.307635;
 22;    0.087691;   -0.060095;   -0.167117;   -0.013303;   -0.042032;   -0.009075;   -0.186068;    0.160257;    0.171473;    0.078707;   -0.073417;    0.106413;   -0.258300;    0.082051;    0.142051;    0.096712;    0.013636;   -0.102013;   -0.009058;   -0.082611;    0.045527;   -0.368023;    0.076481;   -0.124468;   -0.258716;    0.049285;   -0.086583;    0.154535;   -0.103314;    0.121924;    0.117954;   -0.047932;    0.105207;    0.228855;   -0.070580;   -0.168934;    0.335843;    0.197952;    0.129546;   -0.385193;    0.101025;
 23;    0.168519;   -0.172902;    0.078992;   -0.120906;   -0.172473;   -0.103504;    0.114902;   -0.032450;   -0.036091;   -0.185785;    0.060973;    0.097930;    0.008758;    0.167439;   -0.161021;    0.308372;    0.166517;   -0.024633;    0.346053;    0.208801;    0.024771;   -0.013616;    0.020767;    0.041384;    0.101233;    0.006049;    0.110653;    0.043877;   -0.271317;   -0.051797;   -0.378242;   -0.126299;    0.114105;    0.133016;   -0.362239;    0.113262;    0.002638;   -0.060392;   -0.057805;   -0.030556;    0.175465;
 24;    0.199113;    0.011181;   -0.178343;    0.136684;   -0.138541;    0.217398;    0.188968;    0.004477;   -0.117523;   -0.144896;    0.048633;   -0.129777;   -0.000141;   -0.351423;    0.117737;   -0.192882;    0.308392;    0.091312;   -0.006348;    0.101567;    0.037052;   -0.045143;    0.199076;   -0.287709;   -0.210057;   -0.109461;    0.037985;    0.171656;    0.029404;   -0.064863;   -0.245260;    0.136999;    0.077162;    0.180487;    0.126499;   -0.133393;   -0.228757;    0.174401;   -0.049479;    0.091921;    0.048841;
 25;   -0.148874;    0.329434;    0.112409;   -0.166452;   -0.034794;   -0.010170;    0.101461;    0.153349;   -0.115826;    0.041247;    0.286008;   -0.164359;   -0.078110;   -0.064561;   -0.072933;   -0.147144;   -0.204715;   -0.185480;    0.019768;    0.123120;   -0.074363;   -0.188984;    0.007495;   -0.226946;    0.344007;   -0.116313;    0.091597;   -0.206551;    0.078099;    0.186362;   -0.094490;    0.170864;    0.081512;    0.103780;    0.046428;    0.036501;    0.030535;   -0.013733;   -0.139410;   -0.277339;    0.260297;
 26;   -0.038168;    0.085894;   -0.192195;    0.171681;   -0.109767;   -0.119195;    0.051926;   -0.278858;   -0.006282;   -0.062633;    0.046453;    0.091250;   -0.151123;    0.172945;    0.540131;    0.019955;   -0.210141;    0.295567;    0.029163;   -0.105706;    0.015111;   -0.094617;   -0.031456;   -0.008830;    0.142156;   -0.207347;    0.010442;    0.005254;   -0.048665;    0.013030;   -0.020877;    0.160789;   -0.166782;   -0.015541;   -0.161883;    0.021541;    0.122070;    0.030074;   -0.210559;    0.236112;    0.205253;
 27;   -0.009135;   -0.107968;    0.060427;    0.404808;    0.067762;   -0.076642;   -0.035205;    0.233009;   -0.144352;   -0.225484;   -0.023854;   -0.000878;   -0.017054;   -0.034804;   -0.046805;   -0.143802;   -0.086948;   -0.064851;   -0.042494;    0.056937;   -0.177208;   -0.032128;    0.267550;    0.255537;    0.100073;   -0.139054;   -0.178629;   -0.224557;   -0.121047;   -0.006504;    0.199435;   -0.020949;    0.220772;    0.047575;   -0.253257;    0.131291;   -0.080861;    0.390922;   -0.075788;    0.030236;   -0.083664;
 28;   -0.037980;   -0.050598;    0.030868;    0.003086;    0.013396;   -0.037542;    0.074236;   -0.092522;    0.292618;   -0.207165;   -0.012550;   -0.228044;    0.201765;    0.102230;    0.104830;   -0.030065;   -0.026919;   -0.077484;   -0.204816;    0.127124;    0.229968;   -0.223518;   -0.356956;    0.044967;    0.158715;    0.042314;   -0.315721;    0.107473;   -0.238042;   -0.074692;    0.098059;    0.142508;    0.208388;    0.277648;    0.100155;    0.060365;   -0.236263;   -0.087988;    0.096762;    0.031614;   -0.001316;
 29;   -0.012215;   -0.194167;    0.140169;    0.123438;   -0.256968;   -0.165495;   -0.111622;    0.032288;    0.204369;    0.058260;    0.232315;   -0.068709;    0.159290;    0.203712;   -0.254800;   -0.178038;   -0.214327;    0.081413;   -0.011636;    0.174318;    0.075875;   -0.162631;    0.055841;   -0.026399;   -0.280158;    0.019145;    0.133713;   -0.128610;    0.227128;    0.137789;   -0.060093;    0.062019;   -0.186528;    0.256547;   -0.061710;   -0.207925;    0.046174;    0.000810;   -0.059723;    0.279236;   -0.106134;
 30;   -0.069001;    0.040879;    0.158884;    0.206167;   -0.025572;   -0.154139;   -0.080069;   -0.100418;   -0.088670;    0.079043;   -0.089824;   -0.142359;    0.160291;   -0.081040;    0.179339;    0.175033;    0.394005;   -0.343113;   -0.223805;    0.122162;   -0.128206;   -0.016462;    0.049578;   -0.302777;    0.094400;   -0.095221;    0.119138;   -0.035915;   -0.041966;    0.097518;    0.158204;   -0.048769;   -0.014190;    0.067210;   -0.168944;   -0.008295;    0.296803;   -0.219273;    0.011735;    0.206418;   -0.119164;
 31;    0.339254;    0.139649;   -0.071566;   -0.191420;    0.025103;   -0.113318;   -0.128980;    0.041143;   -0.033558;    0.180570;   -0.184460;   -0.093270;    0.310524;    0.025538;    0.084316;   -0.125722;    0.077566;    0.257998;   -0.138742;    0.133000;   -0.104835;   -0.206893;    0.252665;    0.112829;   -0.046862;    0.300755;   -0.108118;   -0.114962;   -0.049263;   -0.070434;    0.003458;    0.087238;    0.046939;   -0.068884;   -0.072699;    0.098066;    0.022768;   -0.196109;   -0.382516;   -0.123949;    0.020850;
 32;    0.088402;   -0.183728;    0.123284;   -0.225274;   -0.080459;    0.088864;   -0.008067;    0.025258;    0.083407;   -0.005464;    0.077865;   -0.180410;   -0.145462;   -0.008342;    0.039182;   -0.029117;    0.147273;    0.216853;    0.241679;   -0.030796;   -0.315047;   -0.341988;   -0.044970;   -0.190848;    0.275550;    0.203957;    0.025416;   -0.137819;   -0.082997;   -0.088733;    0.215216;   -0.121659;   -0.081113;   -0.145276;    0.143187;    0.005175;    0.009602;    0.229029;    0.176791;    0.273996;   -0.073041;
 33;   -0.107244;   -0.066827;   -0.180192;    0.062299;   -0.102704;   -0.186803;    0.111144;   -0.115882;    0.286925;    0.242450;    0.078182;    0.134406;   -0.206730;   -0.113014;   -0.253222;    0.090137;    0.411162;   -0.058853;    0.016635;    0.026153;   -0.045513;    0.079129;   -0.045724;    0.077961;    0.039306;   -0.029263;   -0.236443;   -0.134154;    0.061567;    0.002635;    0.210700;    0.079135;   -0.232205;    0.101462;    0.089437;    0.106157;   -0.138085;    0.092674;   -0.322860;   -0.056221;    0.210099;
 34;   -0.083159;   -0.085603;    0.083368;   -0.120985;   -0.134609;    0.161451;    0.213134;    0.253726;    0.142117;   -0.111232;   -0.061605;   -0.195501;   -0.204985;    0.095598;    0.207773;   -0.141743;   -0.066934;   -0.131238;   -0.237286;    0.108937;   -0.109927;    0.207852;    0.061574;    0.089425;   -0.088622;    0.192104;    0.298065;    0.170441;   -0.043585;   -0.148048;    0.234268;   -0.165745;   -0.243978;    0.072271;   -0.206802;    0.025409;   -0.143207;   -0.083541;   -0.121834;   -0.049601;    0.206041;
 35;   -0.096041;    0.022108;   -0.164172;    0.009802;    0.152668;    0.003522;   -0.153940;    0.024750;    0.153690;   -0.155194;   -0.087590;   -0.151410;    0.119316;    0.215026;   -0.057141;    0.249265;    0.015362;   -0.055047;    0.072066;   -0.125405;   -0.248368;   -0.165337;    0.329744;    0.000359;   -0.144564;   -0.261436;    0.136946;   -0.081984;    0.159610;   -0.204833;    0.007232;    0.194402;   -0.071193;    0.044782;    0.128137;    0.215316;   -0.210679;   -0.181562;    0.260587;   -0.001932;    0.233199;
 36;    0.060218;    0.296865;    0.201042;   -0.179846;    0.037120;   -0.213396;    0.166085;    0.028364;   -0.109258;   -0.156104;   -0.110694;    0.236680;   -0.295484;    0.102299;   -0.093602;   -0.011681;   -0.005421;    0.103649;   -0.060192;    0.089294;    0.125569;   -0.095615;    0.112587;   -0.278568;   -0.209148;    0.002420;   -0.268932;    0.079563;    0.201876;    0.126148;    0.194793;   -0.102165;    0.081273;   -0.022253;   -0.146257;    0.191081;   -0.199619;   -0.118535;    0.114576;    0.227792;    0.001504;
 37;    0.355922;    0.264542;    0.383319;    0.119786;   -0.242792;   -0.111295;   -0.100495;   -0.148557;    0.061281;   -0.058945;   -0.211434;   -0.119822;   -0.043894;   -0.007533;    0.006111;    0.280196;   -0.080416;   -0.033587;    0.016843;   -0.048943;   -0.172950;    0.100416;   -0.157862;    0.106901;   -0.097090;   -0.068628;    0.109043;   -0.033988;   -0.002794;    0.098258;    0.099465;    0.055498;    0.076425;   -0.086464;    0.159754;   -0.319500;   -0.222079;    0.169632;   -0.070532;   -0.095081;    0.149226;
 38;   -0.254643;    0.015383;    0.107140;    0.054990;    0.178690;   -0.309755;   -0.092090;    0.000613;    0.168366;    0.104589;   -0.006123;    0.153349;   -0.057425;    0.058343;    0.055330;   -0.186508;    0.146806;    0.246476;    0.086898;   -0.033020;   -0.073049;    0.082118;   -0.109518;   -0.233080;    0.006236;    0.028942;    0.346635;    0.023474;   -0.016353;   -0.296519;    0.025918;    0.156135;    0.320683;    0.031109;   -0.173047;   -0.145838;   -0.213026;    0.021003;   -0.043031;   -0.202534;   -0.169676;
 39;    0.083961;    0.123233;   -0.076010;    0.157778;    0.132281;   -0.126411;   -0.026886;   -0.010539;    0.129804;   -0.130303;   -0.284217;   -0.132956;    0.048952;    0.294843;   -0.217074;   -0.393691;    0.112482;   -0.131264;    0.094751;    0.118545;    0.169080;    0.017192;   -0.105618;   -0.155886;    0.004244;   -0.048139;    0.122864;    0.136046;   -0.084829;   -0.000888;   -0.077004;   -0.054379;   -0.102418;   -0.329914;    0.132515;    0.140432;    0.224903;    0.243990;   -0.055724;    0.042340;    0.219441;
 40;   -0.074278;   -0.067810;   -0.013019;   -0.086041;    0.150698;    0.081538;    0.304270;   -0.368222;    0.037076;   -0.177759;    0.047940;    0.308454;    0.168045;    0.090958;   -0.060538;   -0.002845;   -0.113029;   -0.265916;   -0.031879;   -0.007464;   -0.334122;   -0.199578;    0.112455;   -0.039403;   -0.103873;    0.147847;    0.127477;    0.201686;   -0.118150;    0.223682;    0.065070;    0.161468;   -0.029946;   -0.086809;    0.064219;   -0.022421;   -0.064714;    0.117998;   -0.206791;   -0.059227;   -0.206501;
 41;    0.044081;    0.073220;   -0.259228;   -0.013066;   -0.186784;    0.096350;    0.164283;    0.084809;   -0.194675;    0.007377;   -0.054831;    0.092725;    0.064986;    0.083936;   -0.138162;    0.071357;    0.008868;   -0.041831;    0.001214;    0.244590;    0.065674;    0.031809;   -0.120135;   -0.027920;   -0.004594;    0.096134;   -0.019228;   -0.168143;   -0.055549;   -0.175210;    0.244843;    0.513966;   -0.105685;   -0.218429;   -0.258218;   -0.257807;    0.048590;    0.020970;    0.297751;   -0.021290;    0.006803;
